-7.3776	107.8204
-7.3427	107.8016
-7.4273	107.8305
-7.3689	107.7599
-7.249	107.8822
-7.2439	107.9073
-7.2792	107.9195
-7.2424	107.8917
-7.2571	107.9056
-7.2491	107.907
-7.2425	107.8918
-7.2488	107.8822
-7.3263	107.9368
-7.2488	107.8828
-7.2331	107.9061
-7.3822	107.5109
-7.3108	107.51
-7.3368	107.5033
-7.3858	107.5145
-7.5519	107.8092
-7.5593	107.7985
-7.5506	107.8138
-7.3111	107.7915
-7.3069	107.7962
-7.3318	107.7937
-7.3234	107.7934
-7.3112	107.7915
-7.31	107.7913
-7.225012	107.9048
-7.2155	107.9008
-7.237542	107.898955
-7.2204792	107.9069988
-7.214388	107.897765
-7.195478	107.910345
-7.214375	107.897702
-7.195462	107.910388
-7.214388	107.897765
-7.2245	107.9
-7.2235	107.9073
-7.2185	107.9018
-7.226023	107.911977
-7.226208	107.912128
-7.0809	107.8998
-7.0763	107.897
-7.0808	107.8979
-7.0853	107.8753
-7.0902	107.8994
-7.0853	107.8753
-7.077	107.855
-7.4869	107.5112
-7.1118	107.8957
-7.1132	107.8979
-7.0713	107.8484
-7.1194	107.8976
-7.1039	107.899
-7.0834	107.961
-7.1076	107.9526
-7.0606	108.088
-7.0576	108.0882
-7.0225	108.0919
-7.4177	107.7156
-7.449	107.6907
-7.6650219	107.6997246
-7.6403	107.7339
-7.3782	107.7255
-7.2735	107.537
-7.1926	107.8852
-7.1691	107.8966
-7.1693	107.8967
-7.204528	107.890032
-7.206532	107.891428
-7.192175	107.904997
-6.4144	107.9576
-6.3455	107.9549
-6.362	107.9541
-6.4129	107.9617
-6.3425	107.9557
-6.415	107.9573
-6.4094	107.96
-6.5694	107.9017
-6.4604	107.938
-6.4606	107.9427
-6.4596077	107.9438312
-6.4351	107.9473
-6.4608	107.9382
-6.3687	108.3232
-6.3572	108.3255
-6.3769	108.3142
-6.3634	108.3266
-6.3765	108.3151
-6.3632	108.3261
-6.4754	108.3054
-6.4771	108.3077
-6.4751	108.3178
-6.4706	108.3012
-6.4427	108.3025
-6.4768	108.3096
-6.4704	108.301
-6.4078	108.3024
-6.4649	108.4529
-6.4672	108.4455
-6.4699	108.4187
-6.4662	108.4261
-6.4839	108.3877
-6.4847	108.4253
-6.4781	108.3947
-6.399	108.1675
-6.4222	108.168
-6.3978	108.1674
-6.3183	107.9871
-6.3322	107.9671
-6.3291	107.9737
-6.4772	108.3304
-6.474	108.3316
-6.4768	108.3448
-6.4598	108.1645
-6.6354	108.0397
-6.5111	108.1329
-6.5175	108.1265
-6.467	108.1606
-6.5538	108.2812
-6.5914	108.2868
-6.5963	108.2862
-6.0705	107.1708
-6.0788	107.1774
-6.0987	107.2337
-6.0915	107.2088
-6.0629	107.1579
-6.0856	107.1928
-6.0834	107.1946
-6.0981	107.2132
-6.0879	107.1928
-6.1547	107.3043
-6.1126	107.2723
-6.1167	107.2719
-6.2725	107.2718
-6.2459	107.2769
-6.2305	107.2833
-6.3079	107.3223
-6.3096	107.3186
-6.305441	107.32483
-6.3708	107.3735
-6.4522	107.3805
-6.4615	107.3835
-6.380556	107.372222
-6.4673	107.215
-6.4923	107.1777
-6.4237	107.2137
-6.4484	107.2125
-6.213	107.2982
-6.1289	107.2828
-6.2032	107.3011
-6.1631	107.2968
-6.3426	107.2442
-6.3398	107.2594
-6.3392	107.2545
-6.356829	107.231739
-6.3642	107.2267
-6.3391	107.3094
-6.0956	107.2096
-6.9725	108.5807
-7.0526	108.7471
-6.9807	108.6179
-6.974	108.6512
-6.9414	108.697
-6.9666	108.6657
-6.8801	108.4748
-7.0217	108.6715
-7.0386	108.6981
-7.0406	108.7023
-6.941	108.5358
-6.9544	108.5527
-6.9306	108.5033
-6.97	108.5114617
-6.9731	108.5157
-6.9709	108.4994
-6.9699	108.5113
-6.9677083	108.4872283
-6.9706	108.4948
-6.9989	108.5806
-7.0157	108.6095
-7.0139	108.6051
-7.0137	108.6238
-7.019829	108.641358
-6.7968	108.4745
-6.8092	108.4691
-6.8209	108.477
-6.9729	108.5319
-6.9733	108.5323
-6.9821	108.5467
-6.9587	108.3097
-6.9644	108.2372
-6.8537683	108.2630033
-6.82874	108.2685133
-6.6455	108.2303
-6.6405	108.2469
-6.6405	108.2468
-6.7629	108.1699
-6.7635	108.1668
-6.7572	108.1633
-6.7592	108.1678
-6.6639	108.1966
-6.7098	108.1766
-6.7255	108.1691
-6.6811	108.1877
-6.9844	108.2048
-6.9802	108.2126
-6.9898	108.2
-6.9739	108.1756
-6.9831	108.2054
-6.7679	108.334
-6.7333	108.35
-6.7206	108.3531
-6.7296	108.3516
-6.885	108.3018
-6.8711	108.2878
-6.9306	108.2998
-6.916	108.3015
-6.831995	108.2127533
-6.8595	108.2707
-6.835345	108.22156
-6.8337017	108.2271183
-6.8325	108.2206
-6.835535	108.230005
-6.8352517	108.2408433
-6.823	108.1989
-6.8058	108.1879
-6.7874	108.3358
-6.7872	108.3356
-6.7873	108.3357
-6.7635	108.1668
-6.7792	108.3975
-6.7993	108.2983
-6.701	108.3629
-7.001	108.3299
-6.9819	108.3104
-6.981	108.3104
-6.9836	108.3058
-7.7255	108.4899
-7.7278	108.4721
-7.6462	108.7523
-7.6451	108.7529
-6.4851	107.3925
-6.485	107.3926
-6.5075	107.4212
-6.4967	107.4045
-6.4954	107.4024
-6.5134	107.4677
-6.5133	107.4808
-6.4959	107.5057
-6.5099	107.4832
-6.4936	107.5168
-6.5046	107.5501
-6.5306	107.4162
-6.5461	107.4271
-6.5644	107.4626
-6.5854	107.4722
-6.5689	107.4588
-6.5757	107.4713
-6.5869	107.4702
-6.5606	107.4477
-6.5139	107.4652
-6.5613	107.45
-6.5367	107.4419
-6.5672	107.4518
-6.5363	107.4374
-6.6386	107.5232
-6.6828	107.559
-6.6825	107.5552
-6.6823	107.5574
-6.4178	107.788
-6.4172	107.7877
-6.4025	107.7946
-6.4089	107.7943
-6.3467	107.6611
-6.3516	107.6625
-6.3402	107.6601
-6.7349	107.6525
-6.7229	107.6634
-6.715605	107.668584
-6.56	107.81
-6.5586	107.8203
-6.5702	107.8469
-6.6122	107.7318
-6.619	107.7258
-6.6428	107.7249
-6.5029	107.5814
-6.716	107.7639
-6.7154	107.764
-6.7181	107.7648
-6.7067	107.749
-6.5463	107.6932
-6.5398	107.7154
-6.5462	107.6933
-6.6775	107.688
-6.6775	107.688
-6.6509	107.7206
-6.6898	107.6743
-6.6774	107.6876
-6.6528	107.7179
-6.6775	107.688
-6.5267	107.6849
-6.5153	107.6639
-6.5268	107.6851
-6.7005	107.7391
-6.6965	107.738
-6.4553	107.8144
-6.442	107.7833
-6.4678	107.8105
-6.3204	107.8229
-6.3566	107.6639
-6.3649	107.6609
-6.4344	107.688
-6.4465	107.688
-6.4447	107.6879
-6.4299	107.6874
-6.4744	107.6897
-6.6745	107.6536
-6.6698	107.6547
-6.6745	107.6535
-6.6654	107.6062
-6.5524	107.7397
-6.5645	107.7653
-6.5644	107.765
-6.5643	107.7647
-6.5532	107.7527
-6.558	107.7641
-6.557	107.7681
-6.5644	107.7651
-6.558277	107.765009
-6.3231	107.8228
-6.3247	107.8227
-6.7594	107.8325
-6.879762	106.776651
-6.874888	106.737286
-6.874892	106.760947
-7.2033	106.4806
-7.1455	106.4836
-7.1968	106.4619
-6.9595083	106.7743217
-6.96394	106.7943267
-6.955485	106.7678033
-6.9704323	106.8096516
-6.969913	106.792095
-7.3566	106.4522
-6.925948	106.893262
-6.905893	106.465089
-6.898356	106.464101
-6.9343	106.4703
-6.901358	106.464343
-6.856509	106.44782
-6.97794	106.8534933
-6.9392944	106.9062991
-6.9712	106.8675
-6.9669267	106.8679617
-6.9712767	106.85952
-7.114076	106.745585
-7.0577	106.8023
-7.007644	106.799167
-6.923778	106.958003
-7.132118	106.692032
-7.118203	106.755881
-6.990547	106.959504
-7.018768	106.954731
-7.006084	106.965234
-7.028849	106.938893
-6.987674	106.562041
-6.9884	106.5564
-6.952071	106.5824
-6.987693	106.560003
-7.057	106.8964
-7.101042	106.879227
-7.0472	106.9032
-7.216207	106.883284
-7.217102	106.886816
-7.158457	106.879541
-7.090522	106.513283
-6.921	106.9603
-7.362871	106.54195
-7.332825	106.573763
-7.343824	106.557801
-7.219679	106.590594
-7.232035	106.573921
-7.203504	106.609768
-6.8722	108.0366
-6.876	108.035
-6.8639	108.0332
-6.8856	108.0364
-6.9171	108.075
-6.9201	108.0754
-6.9185	108.0727
-6.9692	108.1681
-6.9474	108.1192
-6.876	107.8318
-6.9232	107.8305
-6.9004	107.8322
-6.82	107.8699
-6.8336	107.8356
-6.8227	107.8444
-6.8649	107.8357
-6.7943	107.8553
-6.8387	108.0185
-6.8405	108.0187
-6.8449	108.029
-6.8637	107.8962
-6.8635	107.8963
-6.852	107.9
-6.8369	107.9295
-6.781	107.8536
-6.7681	107.8435
-7.5692	108.1807
-7.4928	108.19
-7.595	108.1617
-7.5387	108.1782
-7.5858	108.1597
-7.5163	108.1823
-7.5511	108.1779
-7.6446	108.0868
-7.6465	108.083
-7.682	108.0494
-7.7328	108.0211
-7.6371	108.1321
-7.1244	108.1457
-7.3182	108.2002
-7.6263	108.1338
-7.6244	108.1369
-7.6269	108.134
-7.6191	108.1394
-7.6371	108.1321
-7.605	108.1567
-7.3455	108.1215
-7.3654083	108.1032467
-7.3699633	108.10007
-7.3497	108.3089
-7.3495	108.3093
-7.3519	108.3085
-7.3436	108.1278
-7.1163	108.1781
-7.1266	108.2106
-7.376	108.0377
-7.3625	107.9799
-7.3491	108.1156
-7.3386	108.1505
-7.3562	108.1051
-7.4618	108.1961
-7.4572	108.1922
-7.4741	108.1965
-7.452	108.1948
-6.9359	107.6066
-6.9509	107.609
-6.9381	107.6032
-6.9277	107.5787
-6.9313	107.5879
-6.9548	107.5827
-6.9311	107.5875
-6.9573	107.5827
-6.9527	107.6361
-6.9278	107.5809
-6.9047	107.6212
-6.9044	107.6172
-6.906758	107.628363
-6.913	107.6331
-6.9058	107.6051
-6.9241	107.629
-6.9437	107.5894
-6.9299	107.5889
-6.9391	107.5992
-6.9055	107.6306
-6.9086	107.5991
-6.9016	107.5956
-6.9016	107.5966
-6.8466	107.6014
-6.9408	107.6916
-6.9474	107.6897
-6.9446	107.6276
-6.9512	107.6112
-6.9397	107.6187
-6.9528	107.6119
-6.894831	107.595397
-6.8970431	107.5963263
-6.8883	107.5979
-6.8791	107.5974
-6.908828	107.605955
-6.9155	107.6289
-7.3733	108.5271
-7.3711	108.5387
-7.3824	108.4819
-7.3706	108.5325
-6.327255	106.982333
-6.3122	106.9878
-6.3116	106.9871
-6.3342	106.9817
-6.3248	106.9814
-6.2366733	106.9961717
-6.2479	107.0094
-6.2434	107.0046
-6.2329	107.0002
-6.2059	107.0299
-6.2102	107.0291
-6.2099	107.0291
-6.273	106.9913
-6.255833	106.99587
-6.2613	106.9938
-6.2987	106.9827
-6.6089	106.7941
-6.6188183	106.81197
-6.6149	106.8031
-6.6118	106.7992
-6.61041	106.80039
-6.6108383	106.7976817
-6.5974	106.7926
-6.59	106.798
-6.5819	106.7952
-6.6104	106.804
-6.5857	106.7984
-6.6196483	106.8154033
-6.5728	106.7985
-6.908	107.534
-6.907	107.5362
-6.8887	107.5361
-6.8915	107.5379
-6.8721	107.543
-6.8718	107.5428
-6.8651	107.5426
-6.8648	107.5429
-6.8514	107.5466
-6.7439	108.5419
-6.7231	108.5652
-6.7249	108.5672
-6.7222	108.5618
-6.7254	108.5677
-6.7259	108.5684
-6.746	108.5344
-6.7291	108.5594
-6.7481	108.5315
-6.7287	108.556
-6.7409	108.5482
-6.7247	108.5731
-6.7226	108.57
-6.7226	108.57
-6.7226	108.57
-6.7195	108.56
-6.725	108.5664
-6.434	106.8206
-6.4239	106.8209
-6.4444167	106.8281133
-6.4012	106.8225
-6.3988133	106.8229033
-6.3986467	106.82642
-6.3993267	106.8245583
-6.4534833	106.8556417
-6.9524	106.9214
-6.9524	106.9214
-6.9475	106.9426
-6.9422	106.9513
-6.9407	106.9466
-6.9408	106.9467
-6.9319	106.934
-6.9335	106.9304
-6.9279	106.9322
-6.9443	106.9319
-6.9225	106.9017
-6.9608	106.8947
-7.3539	108.262
-7.2882	108.1966
-7.4459	108.1925
-7.348533	108.197024
-7.3427	108.1599
-7.3372	108.1965
-7.3428	108.1638
-7.3275	108.1964
-7.3375	108.1989
-7.3578	108.1999
-7.3477	108.2012
-7.3369	108.1583
-7.3467	108.1725
-7.3738	108.2328
-7.0425	107.5922
-7.032539	107.59444
-7.0057	107.6127
-7.0588	107.5671
-7.0484	107.5823
-7.0585	107.5677
-6.9666	107.6369
-6.9821	107.7011
-6.9809	107.6853
-6.980412	107.832424
-7.084891	107.563927
-7.073808	107.566567
-7.1016	107.5605
-7.025983	107.694599
-7.0236	107.6847
-7.039576	107.722081
-7.0089	107.5514
-7.0073267	107.551845
-7.0499	107.7643
-6.9770766	107.5664517
-6.9768	107.5714
-6.970455	107.5758467
-7.0205	107.6027
-7.0426	107.7683
-6.7339	107.4332
-6.827	107.6385
-6.8157	107.6123
-6.4089	107.094
-6.4339	107.0687
-6.4277	107.0846
-6.3658	107.1145
-6.2885	107.1552
-6.28	107.1674
-6.3987	107.1027
-6.399404	107.102531
-6.3712	107.1152
-6.5327	107.1387
-6.4909	107.1136
-6.5134	106.8392
-6.4618	106.8524
-6.474606	106.8648
-6.491055	106.843365
-6.4595	106.8575
-6.4713	106.8481
-6.43772	106.851385
-6.48001	106.8450883
-6.4315	106.5574
-6.3648	106.9744
-6.413461	107.022246
-6.4063	106.9973
-6.413581	107.012245
-6.4149	106.9607
-6.4893	106.882
-6.4763	106.8824
-6.4503	106.91
-6.462865	106.892873
-6.4515	106.9084
-6.4442	107.0556
-6.4389	107.0553
-6.4487	106.934
-6.4412	106.9518
-6.4199	106.7333
-6.3968	106.5452
-6.3467	106.5597
-6.619	107.1559
-7.36586	108.425419
-6.9976	107.1423
-6.9051	107.1204
-6.9010761	107.1218195
-6.9409	107.1327
-6.9385	107.1373
-7.3439	107.2281
-7.310274	107.269385
-7.3212	107.2579
-6.7389	107.2229
-6.7368592	107.2238826
-7.4372	107.1373
-7.4522	107.1349
-7.4161	107.1628
-7.0885	107.1385
-6.9046	108.7492
-6.9055	108.7443
-6.9082	108.7385
-6.7681517	108.4155
-6.5362	108.4299
-6.843	108.8085
-6.7597	108.4917
-6.7528933	108.490035
-6.769105	108.48647
-6.75959	108.474885
-6.7615317	108.4865283
-6.63319	108.374892
-6.7551	108.5141
-6.7067783	108.5051
-6.7262733	108.4986083
-6.7042	108.5078
-7.2715	107.8202
-7.2708	107.815
-7.0371	107.9772
-7.4559658	107.5904888
-7.4384	107.5664
-7.4829	107.5191
-7.0723	107.9606
-7.36172	107.812421
-7.353209	107.800255
-7.2926	107.9212
-7.2484	107.8839
-7.3527	107.4943
-7.3223	107.5059
-7.5555	107.7958
-7.5468	107.8112
-7.5908134	107.7738152
-7.3314	107.7932
-7.225086	107.905371
-7.225353	107.904872
-7.0711	107.8996
-7.0937	107.9593
-7.0231	108.0833
-7.4453	107.6551
-7.4555	107.6408
-7.6125	107.7631
-7.1888	107.8982
-7.1854	107.889
-7.1589	107.898
-7.204883	107.894598
-6.3423	107.9555
-6.5634	107.8898
-6.5009	107.9196
-6.5634	107.8898
-6.4598	107.9439
-6.4354	107.9473
-6.4601	107.9383
-6.3597	108.3244
-6.3686	108.3233
-6.353	108.3229
-6.46	108.3001
-6.467	108.3022
-6.4762	108.3036
-6.4704	108.3014
-6.4643	108.4517
-6.4814	108.3826
-6.41	108.17
-6.487	108.1529
-6.4603	108.1648
-6.5519	108.2824
-6.4883	108.297
-6.117	107.274
-6.2931	107.3295
-6.4324	107.3838
-6.4986	107.2036
-6.1632	107.2969
-6.218643	107.29255
-6.2024	107.3014
-6.34	107.2625
-6.3401	107.2399
-6.3324	107.3118
-6.9824345	108.6437263
-6.8777	108.4761
-6.9705583	108.4966533
-6.9974	108.5749
-6.8475	108.4832
-6.81	108.4689
-6.8322	108.2596
-7.0057	108.3416
-6.7829	108.1728
-6.7622848	108.3342185
-6.8739	108.2905
-6.8644	108.2772
-6.8354	108.2401
-6.8359017	108.2354383
-6.801	108.185
-6.7822	108.3528
-6.8133	108.2871
-6.4851	107.3925
-6.5101	107.4832
-6.529975	107.437981
-6.5674	107.4516
-6.5596	107.4441
-6.5602	107.4467
-6.6458	107.5296
-6.6614	107.5421
-6.3407	107.6603
-6.533081	107.784
-6.5704	107.847
-6.5573	107.8191
-6.5028	107.5813
-6.5094	107.6165
-6.7373	107.7846
-6.719	107.7695
-6.5279	107.6964
-6.544142	107.694053
-6.679	107.6884
-6.5243	107.6767
-6.5147	107.664
-6.7051	107.7429
-6.6972	107.7401
-6.3601	107.6616
-6.6706	107.6533
-6.6659	107.6062
-6.5683	107.761
-6.5655	107.7641
-6.5568	107.7603
-6.3501	107.8166
-7.319373	106.835889
-7.258394	106.837398
-7.203261	106.481105
-7.001529	106.797816
-6.955075	106.768057
-6.8965	106.6505
-6.905169	106.874928
-6.919	106.4675
-6.969658	106.864913
-7.057127	106.80239
-7.0105	106.8043
-7.125764	106.740135
-6.988074	106.961049
-7.028227	106.946873
-6.989	106.9607
-6.968172	106.569247
-7.108048	106.878671
-7.2157	106.8826
-6.9206	106.9607
-7.3438	106.5579
-7.222884	106.583328
-7.260827	106.54154
-6.9694	107.8281
-6.9629	107.8278
-6.9652	107.8259
-6.864163	108.03373
-6.8909	108.0499
-6.8998	107.8326
-6.8205	107.8691
-6.7943	107.8553
-6.8407	108.0186
-6.8341	107.9994
-6.9204	107.8304
-6.6576	108.0586
-6.9547	108.0965
-7.6217	108.109
-7.5293	108.1767
-7.3455	108.1213
-7.3499	108.3088
-7.1253	108.2156
-7.3775	108.0446
-7.3622	107.9826
-7.3613	108.1045
-6.9361	107.6113
-6.9509	107.6091
-6.9606	107.64
-6.905392	107.618208
-6.9052	107.6201
-6.9027	107.615
-6.911	107.631
-6.9237	107.6288
-6.9329	107.592
-6.9363	107.5922
-6.9496	107.5883
-6.9117	107.5966
-6.908699	107.596874
-6.8981	107.6167
-6.9328	107.6242
-6.9353	107.6228
-6.9513	107.6115
-6.8696	107.5925
-6.8659413	107.5934297
-7.368073	108.535583
-7.3706	108.5265
-6.2435	107.0046
-6.2105999	107.0286504
-6.2214	107.0217
-6.2279	107.0069
-6.2239	107.0151
-6.3046	106.9841
-6.277	106.9908
-6.2481	107.0036
-6.6188183	106.81197
-6.6188	106.8107
-6.6150533	106.8027433
-6.6118583	106.7989333
-6.6153	106.8082
-6.6111	106.7977
-6.6163267	106.80549
-6.5974	106.7925
-6.6197	106.8128
-6.5692	106.8005
-6.907	107.5362
-6.8768	107.5441
-6.8763	107.5443
-6.8899	107.5351
-6.7227	108.5649
-6.7467	108.5286
-6.7226	108.57
-6.7262	108.5642
-6.4391	106.8215
-6.433668	106.820776
-6.4353	106.8528
-6.443255	106.8207683
-6.3985	106.8229
-6.3989183	106.8263083
-6.410385	106.8330067
-6.4115067	106.8283017
-6.9508	106.9464
-6.9229	106.935
-6.95	106.9277
-6.9179	106.9077
-6.9304	106.9047
-7.3027	108.1948
-7.3529	108.2605
-7.3706	108.2123
-7.3748	108.2124
-7.3454	108.1723
-7.3474	108.1905
-7.3556	108.1999
-7.3709	108.2239
-7.052048	107.756281
-7.0424	107.5922
-7.018487	107.654023
-6.9818	107.8294
-6.8198	107.6317
-6.8261	107.6437
-6.817293	107.548995
-6.3341	107.1194
-6.2738	107.1727
-6.4278	107.0853
-6.352	107.1204
-6.2867	107.155
-6.5235	107.1266
-6.4705	107.074
-6.376	106.6801
-6.3753	106.6804
-6.4011	106.9676
-6.4634883	106.8549133
-6.4741017	106.8461617
-6.402	106.9633
-6.4832733	106.8431783
-6.3429	106.5633
-6.3993	106.9661
-6.4389	107.055
-6.4516	106.9084
-7.3203	107.1293
-7.1895082	107.1471372
-6.8266	107.3104
-6.7608	108.4785
-6.624	108.3769
-6.914	108.7154
-6.7557	108.504
-6.6276	108.3758
-7.372	107.4986
-7.3281	107.7928
-7.4513	107.6806
-7.1589	107.898
-7.3527	107.4942
-7.617129	107.760131
-7.0436	108.0855
-7.0231	108.0833
-7.206	107.8956
-7.4828	107.519
-7.4555	107.6406
-7.225208	107.905502
-7.4607	107.6646
-6.3536	108.3235
-6.477	108.3231
-6.4599	107.9441
-6.4641	108.4525
-6.3559	108.3239
-6.1065	107.2516
-7.0558	108.7502
-6.981	108.6458
-7.0141	108.6204
-6.8899	108.3039
-6.7778	108.3828
-6.8358	108.2289833
-6.5103	107.4844
-6.5591	107.4285
-6.5604	107.4473
-6.5596	107.4441
-6.6759	107.676
-6.4972	107.8066
-6.5475	107.737
-6.4553	107.8052
-6.7475	107.8068
-6.5554	107.7553
-6.7353	107.7837
-6.6762	107.6833
-6.7027	107.7438
-6.7189	107.7695
-6.5155	107.6744
-6.8975	106.6507
-6.9334	106.4706
-7.1303	106.7039
-6.9878	106.5596
-7.2583	106.8379
-6.9847	106.7935
-6.8412	108.0176
-6.96292	107.827736
-7.3614	108.1046
-7.3474	108.119
-7.3769	108.0458
-7.1256	108.2153
-6.9383	107.6258
-6.898	107.6168
-6.9062	107.583
-6.8699	107.5926
-6.9058	107.6054
-6.9037	107.5966
-6.9329	107.592
-6.9279	107.6252
-6.9328	107.6242
-6.9513	107.6115
-6.9363	107.5923
-6.9114	107.6315
-6.9055	107.618
-6.9502	107.5878
-7.371295	108.526683
-7.371153	108.525928
-6.2273	107.0052
-6.2769	106.9915
-6.5725	106.7991
-6.619565	106.815491
-6.6188183	106.81197
-6.618865	106.810615
-6.5973	106.7931
-6.6163	106.806
-6.5921	106.7964
-6.8709	107.5435
-6.863	107.5457
-6.7215	108.5581
-6.4128	106.8305
-6.3985717	106.8229433
-6.9384	106.9305
-6.9456	106.9356
-6.9372	106.9307
-7.3419	108.2513
-7.0332	107.592
-7.002243	107.61996
-7.015	107.6515
-7.0489	107.5923
-7.0462	107.5877
-7.0484	107.5931
-6.9819	107.7009
-7.006135	107.55076
-7.0432	107.7278
-7.027621	107.757121
-6.9831	107.5644
-7.1282	107.5554
-7.043402	107.771044
-7.023559	107.729474
-6.9945	107.7141
-6.8142	107.3432
-6.802	107.6511
-6.8099	107.6237
-6.3006	107.1445
-6.2869	107.1585
-6.404	107.0965
-6.4909	107.1137
-6.4984	107.1271
-6.4747517	106.8649183
-6.4641	106.8545
-6.47427	106.8469117
-6.4746	106.8464
-6.4378	106.8514
-6.4324	106.555
-6.4373	106.9546
-6.4068	106.9951
-6.4895	106.8821
-6.4897	106.882
-6.4816	106.8837
-6.4854	106.8836
-6.3637	106.677
-6.346	106.5595
-6.5841	107.1454
-6.5844	107.1457
-7.1289	108.2269
-6.9978	107.1391
-6.9011	107.1241
-6.9385	107.1318
-6.9358	107.1232
-6.7304	107.209
-6.6999	107.1998
-6.8663	107.1297
-6.8709	107.1261
-6.8545	107.1316
-6.8657	107.1299
-6.8314	107.3173
-6.8264	107.3088
-6.7609	108.4352
-6.536	108.4305
-6.5943	108.4313
-6.75953	108.49192
-6.7618367	108.4866783
-6.6279	108.3761
-6.7069183	108.5048467
-6.7038517	108.507385
-6.70442	108.50745
-7.2579	107.8439
-7.2651	107.8311
-7.2598	107.8348
-7.0401	107.9736
-7.0406	107.973
-7.0507	107.964
-7.4525	107.6056
-7.435833	107.833615
-7.3521	107.8002
-7.297844	107.92494
-7.2507	107.908
-7.5903	107.7719
-7.226473	107.90777
-7.226272	107.907527
-7.225035	107.90521
-7.2216	107.9056
-7.0231	108.0831
-7.0605	108.0863
-7.3936	107.7219
-7.1895	107.9032
-7.1865	107.891
-7.1718	107.8926
-7.194038	107.884867
-7.202303	107.89052
-7.1997	107.8887
-7.20588	107.895257
-6.4152	107.9571
-6.5102	108.2893
-6.4599	107.944
-6.3598	108.3244
-6.4667	108.3022
-6.4768	108.3098
-6.4658	108.2972
-6.0988	107.2342
-6.1011	107.2375
-6.0736	107.1885
-6.2267	107.2873
-6.2723	107.2741
-6.2724	107.2741
-6.368938	107.375768
-6.5096	107.2181
-6.1632	107.297
-6.1785	107.2955
-6.1004	107.2515
-6.9718	108.5764
-6.9771	108.575
-6.9566	108.6832
-6.6728	108.192
-6.7176	108.3543
-6.8354833	108.2199133
-6.8013	108.1851
-6.8	108.3292
-6.7822	108.3526
-6.9817	108.3104
-6.5147	107.4296
-6.5164	107.4285
-6.5093	107.482
-6.6148	107.4952
-6.5594	107.4441
-6.6576	107.5421
-6.4029	107.7932
-6.7142	107.6705
-6.5703	107.8462
-6.7186	107.769
-6.7001	107.7395
-6.5476	107.7358
-6.5554	107.7553
-6.7467	107.8068
-6.9694756	106.8647995
-7.0495	106.8047
-6.9882	106.5611
-7.3517	106.5542
-7.351446	106.554222
-7.3393	106.5662
-7.201	106.6067
-6.9652	107.826
-6.9568	107.8239
-6.948542	108.127804
-6.9473	108.1257
-6.8939	107.8258
-6.8343	107.9996
-6.8428	108.0279
-6.8399	107.933
-6.7296	108.1203
-7.5002	108.1921
-7.6817	108.0494
-7.6323	108.1226
-7.125	108.2149
-7.3608	108.1062
-6.9175	107.6323
-6.9329	107.5919
-6.9356	107.5941
-6.9487	107.5892
-6.9643	107.6394
-6.9057	107.5823
-6.9015	107.5957
-6.9081	107.6024
-6.9258	107.6259
-6.9394	107.6268
-6.9418	107.6285
-6.9365	107.6222
-6.9326	107.624
-6.9371	107.6191
-6.937	107.6192
-6.899	107.5966
-7.3818	108.4789
-7.3707	108.527
-7.372314	108.522275
-6.3368	106.9805
-6.3206	106.9866
-6.2465	107.0049
-6.223084	107.024324
-6.6126	106.8
-6.6183667	106.8106217
-6.6147617	106.8077367
-6.6163267	106.80549
-6.5985	106.7927
-6.6108	106.8041
-6.9166	107.5363
-6.907	107.5361
-6.7395	108.5494
-6.7231	108.5671
-6.7444	108.544
-6.43	106.8219
-6.4339	106.821
-6.4449	106.8229
-6.4403117	106.8180983
-6.9586	106.9022
-7.3024	108.1946
-7.3494	108.2571
-7.3557	108.2746
-7.3213	108.2004
-7.3348	108.1544
-7.3475	108.1904
-6.3508	106.5596
-7.089	107.1391
-7.0218	107.7291
-6.9844	107.6245
-6.8351	107.929
-6.8568	108.0307
-6.8974	108.057
-6.7665	108.1244
-7.4565	107.5966
-7.1203	107.8951
-7.2189	107.8982
-7.227478	107.9076429
-7.2205	107.8991
-7.0842	107.8971
-7.1003	107.9585
-7.2203	107.899201
-7.2294812	107.9109989
-7.1909	107.9051
-7.3498	108.3093
-7.5138	108.1833
-6.9539	108.4899
-6.9724	108.516
-6.954	108.4896
-6.8357	108.2207
-6.8323	108.2133
-6.8357783	108.2205617
-6.639	108.4112
-6.5563	107.7658
-6.677	107.6787
-6.5654	107.4513
-6.3775	107.1137
-6.8233	107.6124
-6.8149	107.5528
-6.7337	107.4331
-6.7386	107.3655
-6.8236	107.6412
-7.6465	108.7522
-6.9366	107.5954
-6.9421156	107.6298334
-6.9109848	107.6047045
-6.9446	107.6072
-6.9064	107.6026
-6.5622	106.8006
-6.8722	107.5421
-6.8698	107.5437
-7.38328	108.497797
-6.9408	107.6918
-6.4489	106.9338
-6.897648	107.618483
